    // Precomputed kept triangles for knightchest (Body submesh 0): torso-only, arm tris removed.
    // Generated from extracted_assets/knightchest_skinning.json; threshold >0.5 arm bone weight on all 3 verts.
    // Source: 5246 total tris -> 1893 kept, 3353 arm tris removed.
    private static readonly int[] s_keptChestTris =
    {
        0, 1, 2, 3, 4, 5, 6, 7, 8, 9, 10, 11, 12, 13, 14, 15, 16, 17, 18, 19,
        20, 21, 22, 23, 24, 25, 26, 27, 28, 29, 30, 31, 32, 33, 34, 35, 36, 37, 38, 39,
        40, 41, 42, 43, 44, 45, 46, 47, 48, 49, 50, 51, 52, 53, 54, 55, 56, 57, 58, 59,
        60, 61, 62, 182, 183, 184, 182, 184, 185, 184, 186, 185, 186, 184, 187, 185, 186, 188, 185, 188,
        189, 187, 184, 190, 184, 191, 190, 192, 190, 191, 192, 191, 193, 194, 190, 192, 194, 187, 190, 194,
        195, 187, 187, 195, 196, 187, 196, 197, 198, 197, 196, 186, 187, 199, 199, 187, 197, 188, 186, 200,
        199, 200, 186, 201, 189, 188, 201, 202, 189, 200, 203, 188, 201, 188, 203, 202, 201, 204, 202, 204,
        205, 205, 204, 206, 205, 206, 207, 207, 206, 208, 207, 208, 209, 209, 208, 210, 211, 209, 210, 212,
        211, 210, 212, 213, 211, 214, 212, 210, 214, 210, 208, 214, 215, 212, 216, 215, 214, 214, 208, 216,
        216, 217, 215, 208, 206, 218, 216, 208, 218, 206, 204, 219, 219, 218, 206, 217, 216, 220, 217, 220,
        221, 222, 216, 218, 222, 220, 216, 219, 204, 223, 201, 223, 204, 219, 224, 218, 218, 224, 222, 201,
        225, 223, 203, 225, 201, 219, 223, 226, 224, 219, 226, 227, 226, 223, 224, 226, 227, 227, 223, 228,
        225, 228, 223, 224, 227, 229, 222, 224, 229, 225, 230, 228, 222, 229, 231, 231, 220, 222, 230, 225,
        233, 225, 203, 233, 230, 233, 234, 203, 235, 233, 234, 233, 235, 234, 235, 236, 200, 235, 203, 236,
        235, 237, 235, 200, 237, 236, 237, 238, 200, 239, 237, 238, 237, 239, 199, 239, 200, 238, 239, 242,
        242, 243, 238, 239, 199, 244, 242, 239, 244, 244, 199, 197, 242, 244, 247, 244, 197, 248, 247, 244,
        248, 198, 248, 197, 248, 198, 251, 247, 248, 251, 252, 251, 198, 253, 251, 252, 253, 254, 251, 261,
        240, 260, 261, 231, 240, 231, 261, 220, 261, 260, 262, 261, 221, 220, 221, 261, 262, 221, 262, 263,
        264, 265, 266, 264, 266, 267, 264, 267, 268, 266, 269, 267, 266, 270, 269, 268, 267, 271, 269, 271,
        267, 272, 268, 271, 270, 273, 269, 269, 273, 271, 270, 274, 273, 272, 271, 275, 276, 272, 275, 274,
        277, 273, 274, 278, 277, 273, 279, 271, 271, 279, 275, 276, 275, 280, 281, 276, 280, 273, 277, 282,
        273, 282, 279, 279, 283, 275, 275, 283, 280, 281, 280, 284, 285, 281, 284, 279, 282, 286, 279, 286,
        283, 283, 287, 280, 287, 284, 280, 285, 284, 288, 289, 285, 288, 286, 290, 283, 283, 290, 287, 286,
        291, 290, 287, 290, 291, 286, 292, 291, 282, 292, 286, 287, 291, 293, 282, 294, 292, 277, 294, 282,
        294, 295, 292, 293, 296, 287, 287, 296, 284, 293, 297, 296, 277, 298, 294, 278, 298, 277, 298, 299,
        294, 298, 278, 301, 301, 278, 302, 298, 301, 303, 298, 303, 299, 314, 313, 311, 316, 318, 319, 314,
        320, 313, 320, 314, 321, 322, 317, 313, 313, 320, 322, 323, 318, 317, 322, 323, 317, 322, 320, 324,
        324, 323, 322, 324, 320, 325, 326, 324, 325, 326, 325, 327, 328, 326, 327, 329, 319, 318, 323, 329,
        318, 324, 330, 323, 330, 324, 326, 329, 323, 330, 329, 331, 319, 331, 332, 319, 333, 329, 330, 333,
        331, 329, 331, 334, 332, 334, 331, 333, 334, 335, 332, 334, 336, 335, 336, 297, 335, 336, 296, 297,
        337, 336, 334, 296, 336, 337, 337, 334, 333, 337, 284, 296, 284, 337, 288, 337, 333, 288, 333, 330,
        338, 288, 333, 338, 289, 288, 338, 326, 338, 330, 339, 289, 338, 326, 339, 338, 340, 289, 339, 340,
        339, 341, 326, 342, 339, 342, 326, 328, 339, 342, 343, 342, 328, 344, 343, 342, 344, 343, 344, 345,
        346, 347, 348, 346, 348, 349, 350, 351, 352, 350, 352, 353, 354, 350, 353, 354, 353, 355, 354, 355,
        356, 354, 356, 357, 357, 356, 358, 357, 358, 359, 359, 358, 360, 359, 360, 361, 362, 363, 364, 362,
        364, 365, 362, 365, 366, 362, 366, 367, 368, 369, 370, 368, 370, 371, 372, 368, 371, 372, 371, 373,
        380, 381, 382, 380, 382, 383, 383, 382, 384, 383, 384, 385, 386, 387, 388, 386, 388, 389, 390, 386,
        389, 390, 389, 391, 392, 390, 391, 392, 391, 393, 394, 392, 393, 394, 393, 395, 394, 395, 396, 394,
        396, 397, 397, 396, 398, 397, 398, 399, 400, 401, 402, 400, 402, 403, 400, 403, 404, 400, 404, 405,
        405, 404, 406, 405, 406, 407, 407, 406, 408, 407, 408, 409, 410, 411, 412, 410, 412, 413, 414, 410,
        413, 414, 413, 415, 416, 414, 415, 416, 415, 417, 418, 416, 417, 418, 417, 419, 418, 419, 420, 418,
        420, 421, 422, 421, 420, 422, 420, 423, 422, 423, 424, 422, 424, 425, 426, 427, 428, 426, 428, 429,
        426, 429, 430, 428, 431, 429, 428, 432, 431, 430, 429, 433, 431, 433, 429, 434, 430, 433, 432, 435,
        431, 431, 435, 433, 432, 436, 435, 434, 433, 437, 438, 434, 437, 436, 439, 435, 436, 440, 439, 435,
        441, 433, 433, 441, 437, 438, 437, 442, 443, 438, 442, 435, 439, 444, 435, 444, 441, 441, 445, 437,
        437, 445, 442, 443, 442, 446, 447, 443, 446, 441, 444, 448, 441, 448, 445, 445, 449, 442, 449, 446,
        442, 447, 446, 450, 451, 447, 450, 448, 452, 445, 445, 452, 449, 448, 453, 452, 449, 452, 453, 448,
        454, 453, 444, 454, 448, 449, 453, 455, 444, 456, 454, 439, 456, 444, 455, 458, 449, 449, 458, 446,
        455, 459, 458, 439, 460, 456, 440, 460, 439, 460, 461, 456, 460, 440, 463, 463, 440, 464, 460, 463,
        465, 460, 465, 461, 467, 466, 465, 468, 466, 467, 476, 475, 473, 477, 475, 476, 478, 475, 477, 480,
        482, 483, 475, 478, 484, 484, 481, 475, 485, 482, 481, 484, 485, 481, 484, 478, 486, 486, 485, 484,
        486, 478, 487, 488, 486, 487, 488, 487, 489, 490, 488, 489, 491, 483, 482, 485, 491, 482, 486, 492,
        485, 492, 486, 488, 491, 485, 492, 491, 493, 483, 493, 494, 483, 495, 491, 492, 495, 493, 491, 493,
        496, 494, 496, 493, 495, 496, 497, 494, 496, 498, 497, 498, 459, 497, 498, 458, 459, 499, 498, 496,
        458, 498, 499, 499, 496, 495, 499, 446, 458, 446, 499, 450, 499, 495, 450, 495, 492, 500, 450, 495,
        500, 451, 450, 500, 488, 500, 492, 501, 451, 500, 488, 501, 500, 502, 451, 501, 502, 501, 503, 488,
        504, 501, 504, 488, 490, 501, 504, 505, 504, 490, 506, 505, 504, 506, 505, 506, 507, 508, 509, 510,
        508, 510, 511, 510, 512, 511, 512, 510, 513, 511, 512, 514, 511, 514, 515, 513, 510, 516, 510, 517,
        516, 518, 516, 517, 518, 517, 519, 520, 516, 518, 520, 513, 516, 520, 521, 513, 513, 521, 522, 513,
        522, 523, 524, 523, 522, 512, 513, 525, 525, 513, 523, 514, 512, 526, 525, 526, 512, 527, 515, 514,
        527, 528, 515, 526, 529, 514, 527, 514, 529, 528, 527, 530, 528, 530, 531, 531, 530, 532, 531, 532,
        533, 533, 532, 534, 533, 534, 535, 535, 534, 536, 537, 535, 536, 538, 537, 536, 538, 539, 537, 540,
        538, 536, 540, 536, 534, 540, 541, 538, 542, 541, 540, 540, 534, 542, 542, 543, 541, 534, 532, 544,
        542, 534, 544, 532, 530, 545, 545, 544, 532, 543, 542, 546, 543, 546, 547, 548, 542, 544, 548, 546,
        542, 545, 530, 549, 527, 549, 530, 545, 550, 544, 544, 550, 548, 527, 551, 549, 529, 551, 527, 545,
        549, 552, 550, 545, 552, 553, 552, 549, 550, 552, 553, 553, 549, 554, 551, 554, 549, 550, 553, 555,
        548, 550, 555, 551, 556, 554, 548, 555, 557, 557, 546, 548, 557, 555, 558, 556, 551, 559, 551, 529,
        559, 556, 559, 560, 529, 561, 559, 560, 559, 561, 560, 561, 562, 526, 561, 529, 562, 561, 563, 561,
        526, 563, 562, 563, 564, 526, 565, 563, 564, 563, 565, 525, 565, 526, 557, 558, 566, 564, 565, 568,
        568, 569, 564, 565, 525, 570, 568, 565, 570, 570, 525, 523, 568, 570, 573, 573, 571, 568, 570, 523,
        574, 573, 570, 574, 524, 574, 523, 573, 575, 571, 573, 574, 577, 574, 524, 577, 575, 573, 577, 577,
        524, 578, 578, 524, 579, 578, 580, 577, 575, 577, 580, 587, 566, 586, 587, 557, 566, 557, 587, 546,
        587, 586, 588, 587, 547, 546, 547, 587, 588, 547, 588, 589, 590, 591, 592, 590, 592, 593, 594, 595,
        596, 594, 596, 597, 596, 598, 597, 596, 599, 598, 600, 601, 602, 600, 602, 603, 604, 600, 603, 604,
        603, 605, 606, 607, 604, 608, 607, 606, 608, 609, 607, 614, 612, 613, 614, 615, 612, 616, 615, 614,
        616, 617, 615, 618, 619, 620, 618, 620, 621, 622, 618, 621, 622, 621, 623, 624, 622, 623, 624, 623,
        625, 626, 624, 625, 626, 627, 624, 628, 629, 630, 628, 630, 631, 632, 628, 631, 632, 633, 628, 634,
        633, 632, 634, 632, 635, 636, 634, 635, 636, 637, 634, 638, 637, 636, 638, 639, 637, 640, 639, 638,
        640, 641, 639, 642, 641, 640, 642, 643, 641, 644, 645, 646, 647, 645, 644, 645, 647, 648, 648, 647,
        649, 650, 651, 652, 651, 653, 652, 651, 654, 653, 653, 654, 655, 656, 657, 658, 656, 658, 659, 660,
        659, 658, 660, 658, 661, 660, 661, 662, 660, 662, 663, 663, 662, 664, 663, 664, 665, 666, 665, 664,
        666, 664, 667, 668, 669, 670, 668, 670, 671, 672, 668, 671, 673, 674, 675, 673, 675, 676, 677, 678,
        679, 677, 679, 680, 681, 682, 683, 681, 683, 684, 685, 686, 687, 685, 687, 688, 689, 690, 691, 689,
        691, 692, 693, 694, 695, 695, 694, 696, 695, 696, 697, 698, 697, 696, 699, 700, 701, 699, 701, 702,
        701, 703, 702, 704, 705, 706, 705, 707, 706, 708, 709, 710, 708, 710, 711, 712, 708, 711, 712, 711,
        713, 714, 715, 716, 714, 716, 717, 716, 718, 717, 719, 720, 721, 721, 720, 722, 723, 722, 720, 722,
        723, 724, 725, 726, 727, 728, 725, 727, 729, 730, 731, 732, 731, 730, 731, 732, 733, 734, 733, 732,
        733, 734, 735, 736, 737, 738, 739, 736, 738, 736, 739, 740, 739, 741, 740, 740, 741, 742, 743, 744,
        745, 744, 746, 745, 744, 747, 746, 747, 748, 746, 748, 747, 749, 748, 749, 750, 750, 749, 751, 750,
        751, 752, 752, 751, 753, 752, 753, 754, 754, 753, 755, 754, 755, 756, 757, 758, 759, 759, 758, 760,
        759, 760, 761, 761, 760, 762, 763, 761, 762, 763, 762, 764, 765, 763, 764, 765, 764, 766, 767, 765,
        766, 767, 766, 768, 769, 767, 768, 769, 768, 770, 771, 772, 773, 771, 773, 774, 775, 776, 777, 775,
        777, 778, 943, 944, 945, 943, 946, 944, 947, 946, 943, 947, 943, 948, 947, 948, 949, 947, 949, 950,
        950, 949, 951, 950, 951, 952, 952, 951, 953, 952, 953, 954, 955, 954, 953, 955, 953, 956, 957, 958,
        959, 957, 960, 958, 958, 960, 961, 958, 961, 962, 962, 961, 963, 962, 963, 964, 964, 963, 965, 964,
        965, 966, 966, 965, 967, 966, 967, 968, 968, 967, 969, 968, 969, 970, 1052, 1053, 1054, 1055, 1054, 1053,
        1052, 1056, 1053, 1055, 1053, 1057, 1058, 1056, 1052, 1059, 1055, 1057, 1058, 1060, 1056, 1059, 1057, 1061, 1062, 1060,
        1058, 1063, 1059, 1061, 1062, 1064, 1060, 1063, 1061, 1065, 1066, 1064, 1062, 1066, 1067, 1064, 1066, 1068, 1067, 1066,
        1069, 1068, 1069, 1070, 1068, 1069, 1071, 1070, 1071, 1072, 1070, 1071, 1073, 1072, 1074, 1063, 1065, 1074, 1065, 1075,
        1074, 1075, 1076, 1074, 1076, 1077, 1077, 1076, 1078, 1077, 1078, 1079, 1079, 1078, 1080, 1079, 1080, 1081, 1073, 1082,
        1072, 1081, 1080, 1082, 1073, 1083, 1082, 1081, 1082, 1083, 1084, 1085, 1086, 1087, 1086, 1085, 1084, 1088, 1085, 1087,
        1085, 1089, 1090, 1088, 1084, 1091, 1087, 1089, 1090, 1092, 1088, 1091, 1089, 1093, 1094, 1092, 1090, 1095, 1091, 1093,
        1094, 1096, 1092, 1095, 1093, 1097, 1098, 1096, 1094, 1098, 1099, 1096, 1098, 1100, 1099, 1098, 1101, 1100, 1101, 1102,
        1100, 1101, 1103, 1102, 1103, 1104, 1102, 1103, 1105, 1104, 1106, 1095, 1097, 1106, 1097, 1107, 1106, 1107, 1108, 1106,
        1108, 1109, 1109, 1108, 1110, 1109, 1110, 1111, 1111, 1110, 1112, 1111, 1112, 1113, 1105, 1114, 1104, 1113, 1112, 1114,
        1105, 1115, 1114, 1113, 1114, 1115, 1116, 1117, 1118, 1119, 1118, 1117, 1116, 1120, 1117, 1119, 1117, 1121, 1122, 1120,
        1116, 1123, 1119, 1121, 1122, 1124, 1120, 1123, 1121, 1125, 1126, 1124, 1122, 1127, 1123, 1125, 1126, 1128, 1124, 1127,
        1125, 1129, 1130, 1128, 1126, 1130, 1131, 1128, 1130, 1132, 1131, 1130, 1133, 1132, 1133, 1134, 1132, 1133, 1135, 1134,
        1135, 1136, 1134, 1135, 1137, 1136, 1138, 1127, 1129, 1138, 1129, 1139, 1138, 1139, 1140, 1138, 1140, 1141, 1141, 1140,
        1142, 1141, 1142, 1143, 1143, 1142, 1144, 1143, 1144, 1145, 1137, 1146, 1136, 1145, 1144, 1146, 1137, 1147, 1146, 1145,
        1146, 1147, 1148, 1149, 1150, 1151, 1150, 1149, 1148, 1152, 1149, 1151, 1149, 1153, 1154, 1152, 1148, 1155, 1151, 1153,
        1154, 1156, 1152, 1155, 1153, 1157, 1158, 1156, 1154, 1159, 1155, 1157, 1158, 1160, 1156, 1159, 1157, 1161, 1162, 1160,
        1158, 1162, 1163, 1160, 1164, 1159, 1161, 1164, 1161, 1165, 1164, 1165, 1166, 1164, 1166, 1167, 1167, 1166, 1168, 1167,
        1168, 1169, 1169, 1168, 1170, 1169, 1170, 1171, 1172, 1163, 1162, 1172, 1173, 1163, 1172, 1174, 1173, 1172, 1175, 1174,
        1175, 1176, 1174, 1175, 1177, 1176, 1171, 1170, 1178, 1177, 1178, 1176, 1171, 1178, 1179, 1177, 1179, 1178, 1190, 1186,
        1188, 1190, 1188, 1192, 1194, 1190, 1192, 1194, 1192, 1196, 1195, 1197, 1193, 1198, 1194, 1196, 1199, 1197, 1195, 1198,
        1196, 1200, 1199, 1201, 1197, 1202, 1201, 1199, 1202, 1203, 1201, 1204, 1198, 1200, 1204, 1203, 1202, 1204, 1200, 1205,
        1204, 1205, 1203, 1214, 1212, 1216, 1214, 1216, 1218, 1218, 1216, 1220, 1218, 1220, 1222, 1221, 1219, 1223, 1222, 1220,
        1224, 1225, 1221, 1223, 1222, 1224, 1226, 1225, 1223, 1227, 1228, 1225, 1227, 1228, 1227, 1229, 1226, 1224, 1230, 1230,
        1228, 1229, 1226, 1230, 1231, 1230, 1229, 1231, 1232, 1233, 1234, 1232, 1234, 1235, 1233, 1236, 1234, 1237, 1232, 1235,
        1233, 1238, 1236, 1237, 1235, 1239, 1238, 1240, 1236, 1241, 1237, 1239, 1242, 1240, 1238, 1243, 1241, 1239, 1242, 1244,
        1240, 1243, 1245, 1241, 1245, 1244, 1242, 1245, 1243, 1244, 1246, 1247, 1248, 1249, 1246, 1248, 1246, 1250, 1247, 1249,
        1248, 1251, 1250, 1252, 1247, 1253, 1249, 1251, 1250, 1254, 1252, 1253, 1251, 1255, 1254, 1256, 1252, 1257, 1253, 1255,
        1254, 1258, 1256, 1259, 1257, 1255, 1258, 1260, 1256, 1261, 1257, 1259, 1258, 1262, 1260, 1261, 1259, 1263, 1262, 1264,
        1260, 1265, 1261, 1263, 1262, 1266, 1264, 1265, 1263, 1267, 1266, 1268, 1264, 1269, 1265, 1267, 1266, 1270, 1268, 1269,
        1267, 1271, 1270, 1272, 1268, 1273, 1269, 1271, 1270, 1274, 1272, 1273, 1271, 1275, 1274, 1276, 1272, 1277, 1273, 1275,
        1274, 1277, 1276, 1277, 1275, 1276, 1278, 1279, 1280, 1281, 1278, 1280, 1278, 1282, 1279, 1281, 1280, 1283, 1282, 1284,
        1279, 1285, 1281, 1283, 1282, 1286, 1284, 1285, 1283, 1287, 1286, 1288, 1284, 1289, 1285, 1287, 1286, 1290, 1288, 1291,
        1289, 1287, 1290, 1292, 1288, 1293, 1289, 1291, 1290, 1294, 1292, 1293, 1291, 1295, 1294, 1296, 1292, 1297, 1293, 1295,
        1294, 1298, 1296, 1297, 1295, 1299, 1298, 1300, 1296, 1301, 1297, 1299, 1298, 1302, 1300, 1301, 1299, 1303, 1302, 1304,
        1300, 1305, 1301, 1303, 1302, 1306, 1304, 1305, 1303, 1307, 1306, 1308, 1304, 1309, 1305, 1307, 1306, 1309, 1308, 1309,
        1307, 1308, 1316, 1317, 1318, 1319, 1320, 1321, 1322, 1323, 1324, 1373, 1374, 1375, 1376, 1377, 1378, 1379, 1380, 1381,
        1382, 1383, 1384, 1385, 1386, 1387, 1388, 1389, 1385, 1390, 1389, 1388, 1390, 1388, 1391, 1392, 1390, 1391, 1392, 1393,
        1390, 1394, 1393, 1392, 1394, 1392, 1395, 1396, 1397, 1398, 1399, 1396, 1398, 1399, 1398, 1400, 1401, 1399, 1400, 1402,
        1401, 1400, 1398, 1403, 1400, 1404, 1400, 1403, 1403, 1405, 1404, 1406, 1407, 1408, 1406, 1408, 1409, 1409, 1408, 1410,
        1409, 1410, 1411, 1411, 1410, 1412, 1411, 1412, 1413, 1414, 1415, 1416, 1414, 1416, 1417, 1417, 1416, 1418, 1417, 1418,
        1419, 1422, 1423, 1424, 1422, 1424, 1425, 1426, 1422, 1425, 1426, 1425, 1427, 1428, 1426, 1427, 1428, 1427, 1429, 1430,
        1431, 1432, 1430, 1432, 1433, 1598, 1599, 1600, 1598, 1600, 1601, 1598, 1601, 1602, 1598, 1602, 1603, 1604, 1603, 1602,
        1604, 1602, 1605, 1604, 1605, 1606, 1607, 1608, 1609, 1607, 1609, 1610, 1611, 1612, 1613, 1611, 1613, 1614, 1615, 1616,
        1617, 1615, 1617, 1618, 1619, 1620, 1621, 1619, 1621, 1622, 1623, 1624, 1625, 1623, 1625, 1626, 1627, 1628, 1629, 1627,
        1629, 1630, 1631, 1632, 1633, 1631, 1633, 1634, 1635, 1636, 1637, 1635, 1637, 1638, 1639, 1640, 1641, 1639, 1641, 1642,
        1747, 1748, 1749, 1747, 1750, 1748, 1747, 1751, 1750, 1747, 1753, 1751, 1751, 1753, 1752, 1747, 1749, 1754, 1754, 1753,
        1747, 1755, 1752, 1753, 1755, 1756, 1752, 1757, 1754, 1749, 1757, 1749, 1758, 1754, 1759, 1753, 1757, 1759, 1754, 1753,
        1759, 1755, 1760, 1757, 1758, 1760, 1759, 1757, 1760, 1758, 1761, 1760, 1761, 1762, 1760, 1762, 1759, 1763, 1759, 1762,
        1763, 1755, 1759, 1763, 1762, 1764, 1765, 1756, 1755, 1755, 1763, 1765, 1765, 1763, 1764, 1765, 1766, 1756, 1765, 1764,
        1766, 1903, 1904, 1905, 1905, 1904, 1906, 1903, 1905, 1907, 1905, 1906, 1908, 1909, 1903, 1907, 1909, 1907, 1910, 1911,
        1909, 1910, 1911, 1912, 1909, 1908, 1906, 1913, 1908, 1913, 1914, 1915, 1912, 1911, 1915, 1916, 1912, 1913, 1917, 1914,
        1913, 1918, 1917, 1917, 1918, 1919, 1917, 1919, 1920, 1921, 1916, 1915, 1920, 1919, 1921, 1921, 1915, 1922, 1920, 1921,
        1922, 1968, 1969, 1970, 1968, 1970, 1971, 1971, 1970, 1972, 1973, 1968, 1971, 1971, 1972, 1974, 1973, 1971, 1975, 1975,
        1971, 1974, 1975, 1974, 1976, 1977, 1973, 1975, 1978, 1975, 1976, 1977, 1975, 1978, 1978, 1976, 1979, 1978, 1979, 1980,
        1977, 1978, 1981, 1978, 1980, 1981, 1977, 1981, 1982, 1981, 1980, 1983, 1982, 1981, 1984, 1981, 1983, 1984, 1982, 1984,
        1985, 1984, 1983, 1986, 1985, 1984, 1987, 1984, 1986, 1987, 1985, 1987, 1988, 1987, 1986, 1989, 1988, 1987, 1990, 1987,
        1989, 1990, 1988, 1990, 1991, 1990, 1989, 1992, 1991, 1990, 1993, 1990, 1992, 1993, 1991, 1993, 1994, 1993, 1992, 1995,
        1994, 1993, 1996, 1993, 1995, 1996, 1996, 1995, 1997, 1994, 1996, 1998, 1996, 1997, 1999, 1998, 1996, 1999, 1998, 1999,
        2000, 2001, 2002, 2003, 2001, 2003, 2004, 2005, 2001, 2004, 2007, 2004, 2003, 2007, 2003, 2008, 2007, 2008, 2009, 2010,
        2004, 2007, 2007, 2009, 2013, 2013, 2009, 2014, 2013, 2014, 2015, 2016, 2007, 2013, 2016, 2013, 2015, 2010, 2007, 2016,
        2016, 2015, 2017, 2018, 2016, 2017, 2019, 2010, 2016, 2018, 2019, 2016, 2018, 2021, 2019, 2018, 2022, 2021, 2023, 2022,
        2024, 2023, 2024, 2025, 2026, 2024, 2022, 2026, 2022, 2018, 2027, 2026, 2018, 2018, 2017, 2028, 2027, 2018, 2028, 2028,
        2017, 2029, 2027, 2028, 2030, 2028, 2029, 2030, 2027, 2030, 2031, 2029, 2032, 2030, 2033, 2030, 2032, 2033, 2032, 2034,
        2029, 2035, 2032, 2029, 2036, 2035, 2029, 2037, 2036, 2037, 2038, 2036, 2037, 2039, 2038, 2040, 2038, 2039, 2040, 2041,
        2038, 2042, 2043, 2044, 2042, 2044, 2045, 2046, 2042, 2045, 2046, 2045, 2047, 2046, 2047, 2048, 2046, 2048, 2049, 2048,
        2050, 2049, 2048, 2051, 2050, 2048, 2047, 2055, 2047, 2045, 2056, 2045, 2057, 2056, 2045, 2058, 2057, 2047, 2056, 2059,
        2047, 2059, 2055, 2060, 2059, 2056, 2055, 2059, 2061, 2060, 2062, 2059, 2062, 2060, 2063, 2062, 2063, 2064, 2059, 2062,
        2065, 2065, 2062, 2064, 2061, 2059, 2065, 2065, 2064, 2066, 2065, 2066, 2067, 2065, 2067, 2068, 2061, 2065, 2068, 2069,
        2068, 2067, 2069, 2067, 2070, 2071, 2068, 2069, 2079, 2080, 2081, 2079, 2081, 2082, 2083, 2082, 2081, 2083, 2081, 2084,
        2089, 2090, 2088, 2089, 2091, 2090, 2092, 2093, 2094, 2092, 2094, 2095, 2096, 2092, 2095, 2095, 2094, 2097, 2097, 2094,
        2098, 2098, 2094, 2099, 2098, 2099, 2100, 2097, 2098, 2101, 2102, 2097, 2101, 2102, 2103, 2097, 2104, 2103, 2102, 2104,
        2105, 2103, 2106, 2105, 2104, 2106, 2104, 2107, 2095, 2097, 2108, 2096, 2095, 2109, 2109, 2095, 2108, 2096, 2109, 2110,
        2096, 2110, 2111, 2110, 2112, 2111, 2110, 2113, 2112, 2109, 2114, 2110, 2109, 2108, 2117, 2118, 2117, 2108, 2109, 2119,
        2114, 2109, 2117, 2119, 2119, 2117, 2120, 2118, 2123, 2117, 2123, 2118, 2124, 2123, 2124, 2125, 2117, 2123, 2126, 2126,
        2123, 2125, 2120, 2117, 2126, 2126, 2125, 2127, 2126, 2127, 2128, 2120, 2126, 2129, 2126, 2128, 2129, 2130, 2129, 2131,
        2131, 2129, 2128, 2131, 2128, 2132, 2133, 2134, 2135, 2133, 2135, 2136, 2137, 2133, 2136, 2139, 2136, 2135, 2139, 2135,
        2140, 2139, 2140, 2141, 2142, 2136, 2139, 2139, 2141, 2145, 2145, 2141, 2146, 2145, 2146, 2147, 2148, 2139, 2145, 2148,
        2145, 2147, 2142, 2139, 2148, 2148, 2147, 2149, 2150, 2142, 2148, 2151, 2148, 2149, 2151, 2150, 2148, 2150, 2151, 2153,
        2151, 2149, 2154, 2154, 2149, 2155, 2154, 2155, 2156, 2157, 2151, 2154, 2157, 2153, 2151, 2157, 2154, 2158, 2158, 2154,
        2159, 2158, 2159, 2160, 2157, 2161, 2153, 2162, 2153, 2161, 2162, 2163, 2153, 2172, 2171, 2170, 2172, 2173, 2171, 2174,
        2175, 2176, 2174, 2177, 2175, 2175, 2177, 2178, 2175, 2178, 2179, 2179, 2178, 2180, 2179, 2180, 2181, 2181, 2180, 2182,
        2181, 2182, 2183, 2184, 2185, 2186, 2184, 2187, 2185, 2188, 2187, 2184, 2188, 2184, 2189, 2190, 2188, 2189, 2190, 2189,
        2191, 2192, 2190, 2191, 2192, 2191, 2193, 2199, 2201, 2200, 2199, 2202, 2201, 2201, 2202, 2203, 2201, 2203, 2204, 2205,
        2206, 2207, 2205, 2207, 2208, 2208, 2207, 2209, 2208, 2209, 2210, 2210, 2209, 2211, 2210, 2211, 2212, 2212, 2211, 2213,
        2212, 2213, 2214, 2214, 2213, 2215, 2214, 2215, 2216, 2216, 2215, 2217, 2216, 2217, 2218, 2219, 2218, 2217, 2219, 2217,
        2220, 2221, 2219, 2220, 2221, 2220, 2222, 2221, 2222, 2223, 2221, 2223, 2224, 2225, 2224, 2223, 2225, 2223, 2226, 2227,
        2225, 2226, 2227, 2226, 2228, 2229, 2227, 2228, 2229, 2228, 2230, 2215, 2231, 2232, 2233, 2215, 2232, 2215, 2213, 2231,
        2233, 2234, 2215, 2213, 2235, 2231, 2213, 2236, 2235, 2236, 2237, 2235, 2238, 2234, 2233, 2238, 2233, 2239, 2236, 2240,
        2237, 2241, 2238, 2239, 2241, 2242, 2238, 2243, 2242, 2241, 2243, 2241, 2244, 2245, 2243, 2244, 2245, 2246, 2243, 2247,
        2246, 2245, 2247, 2248, 2246, 2249, 2248, 2247, 2249, 2247, 2250, 2251, 2249, 2250, 2251, 2252, 2249, 2253, 2252, 2251,
        2253, 2251, 2254, 2255, 2253, 2254, 2255, 2256, 2253, 2257, 2256, 2255, 2257, 2258, 2256, 2259, 2258, 2257, 2259, 2260,
        2258, 2261, 2260, 2259, 2261, 2262, 2260, 2263, 2260, 2262, 2264, 2262, 2261, 2264, 2261, 2265, 2266, 2264, 2265, 2266,
        2267, 2264, 2268, 2267, 2266, 2268, 2266, 2269, 2270, 2268, 2269, 2270, 2271, 2268, 2272, 2271, 2270, 2272, 2270, 2273,
        2274, 2272, 2273, 2274, 2273, 2275, 2276, 2274, 2275, 2276, 2275, 2277, 2274, 2276, 2278, 2274, 2278, 2279, 2280, 2276,
        2277, 2280, 2277, 2281, 2282, 2280, 2281, 2276, 2280, 2283, 2282, 2283, 2280, 2276, 2283, 2278, 2284, 2283, 2282, 2278,
        2283, 2284, 2284, 2282, 2285, 2286, 2284, 2285, 2279, 2278, 2287, 2278, 2284, 2287, 2286, 2287, 2284, 2279, 2287, 2240,
        2240, 2287, 2286, 2240, 2286, 2237, 2288, 2289, 2290, 2288, 2290, 2291, 2288, 2291, 2292, 2288, 2292, 2293, 2293, 2292,
        2294, 2293, 2294, 2295, 2296, 2295, 2294, 2296, 2294, 2297, 2298, 2296, 2297, 2298, 2297, 2299, 2300, 2298, 2299, 2300,
        2299, 2301, 2302, 2303, 2304, 2305, 2304, 2303, 2305, 2306, 2304, 2307, 2306, 2305, 2307, 2308, 2306, 2309, 2308, 2307,
        2309, 2310, 2308, 2311, 2312, 2313, 2314, 2312, 2311, 2314, 2315, 2312, 2314, 2316, 2315, 2314, 2317, 2316, 2317, 2318,
        2316, 2317, 2319, 2318, 2320, 2318, 2319, 2320, 2321, 2318, 2322, 2321, 2320, 2322, 2323, 2321, 2324, 2323, 2322, 2324,
        2325, 2323, 2326, 2325, 2324, 2326, 2327, 2325, 2328, 2327, 2326, 2328, 2329, 2327, 2330, 2314, 2311, 2330, 2311, 2331,
        2330, 2332, 2314, 2330, 2331, 2333, 2334, 2333, 2331, 2334, 2331, 2335, 2336, 2334, 2335, 2336, 2335, 2337, 2332, 2338,
        2314, 2332, 2339, 2338, 2340, 2336, 2337, 2340, 2337, 2341, 2342, 2338, 2339, 2342, 2343, 2338, 2340, 2341, 2344, 2340,
        2344, 2345, 2342, 2346, 2343, 2342, 2347, 2346, 2348, 2346, 2347, 2348, 2349, 2346, 2350, 2345, 2344, 2350, 2344, 2351,
        2352, 2349, 2348, 2350, 2351, 2353, 2350, 2353, 2354, 2355, 2354, 2353, 2355, 2353, 2356, 2357, 2355, 2356, 2357, 2356,
        2358, 2357, 2358, 2359, 2357, 2359, 2360, 2352, 2361, 2349, 2362, 2360, 2359, 2363, 2361, 2352, 2363, 2364, 2361, 2365,
        2363, 2352, 2365, 2352, 2366, 2367, 2364, 2363, 2367, 2368, 2364, 2369, 2367, 2363, 2369, 2363, 2365, 2370, 2365, 2366,
        2370, 2366, 2371, 2367, 2372, 2368, 2367, 2369, 2372, 2373, 2369, 2365, 2373, 2365, 2370, 2373, 2372, 2369, 2371, 2374,
        2370, 2373, 2370, 2374, 2371, 2375, 2374, 2373, 2374, 2376, 2373, 2376, 2372, 2377, 2375, 2371, 2368, 2372, 2378, 2368,
        2378, 2379, 2372, 2380, 2378, 2372, 2376, 2380, 2376, 2381, 2380, 2376, 2382, 2381, 2382, 2383, 2381, 2382, 2375, 2383,
        2375, 2384, 2383, 2377, 2385, 2375, 2375, 2385, 2384, 2386, 2385, 2377, 2385, 2387, 2384, 2386, 2388, 2385, 2385, 2388,
        2387, 2388, 2389, 2387, 2390, 2388, 2386, 2388, 2391, 2389, 2390, 2391, 2388, 2391, 2392, 2389, 2390, 2393, 2391, 2391,
        2393, 2392, 2390, 2394, 2393, 2362, 2393, 2394, 2395, 2392, 2393, 2362, 2395, 2393, 2395, 2396, 2392, 2362, 2359, 2395,
        2359, 2396, 2395, 2359, 2397, 2396, 2359, 2398, 2397, 2359, 2399, 2398, 2400, 2398, 2399, 2400, 2401, 2398, 2402, 2401,
        2400, 2402, 2403, 2401, 2404, 2403, 2402, 2404, 2405, 2403, 2406, 2407, 2408, 2406, 2408, 2409, 2410, 2406, 2409, 2410,
        2409, 2411, 2412, 2413, 2414, 2412, 2414, 2415, 2415, 2414, 2416, 2415, 2416, 2417, 2423, 2420, 2424, 2425, 2427, 2426,
        2427, 2428, 2426, 2427, 2429, 2428, 2423, 2430, 2425, 2430, 2427, 2425, 2431, 2429, 2427, 2430, 2431, 2427, 2431, 2432,
        2429, 2423, 2433, 2430, 2431, 2430, 2433, 2431, 2433, 2432, 2423, 2424, 2433, 2432, 2433, 2434, 2432, 2434, 2435, 2433,
        2436, 2434, 2433, 2424, 2436, 2424, 2437, 2436, 2424, 2438, 2437, 2441, 2442, 2443, 2441, 2443, 2444, 2444, 2443, 2445,
        2444, 2445, 2446, 2447, 2448, 2449, 2450, 2449, 2448, 2450, 2448, 2451, 2452, 2450, 2451, 2452, 2451, 2453, 2454, 2452,
        2453, 2454, 2453, 2455, 2457, 2461, 2462, 2461, 2463, 2462, 2461, 2466, 2463, 2464, 2466, 2461, 2465, 2467, 2464, 2467,
        2466, 2464, 2467, 2465, 2468, 2467, 2468, 2469, 2463, 2466, 2470, 2467, 2470, 2466, 2470, 2467, 2469, 2463, 2470, 2471,
        2470, 2469, 2471, 2472, 2473, 2474, 2534, 2535, 2536, 2534, 2537, 2535, 2537, 2538, 2535, 2537, 2539, 2538, 2540, 2538,
        2539, 2540, 2541, 2538, 2540, 2542, 2541, 2540, 2543, 2542, 2544, 2542, 2543, 2544, 2545, 2542, 2546, 2545, 2544, 2546,
        2547, 2545, 2546, 2548, 2547, 2546, 2549, 2548, 2550, 2551, 2552, 2551, 2553, 2552, 2551, 2554, 2553, 2554, 2555, 2553,
        2554, 2556, 2555, 2556, 2557, 2555, 2556, 2558, 2557, 2559, 2557, 2558, 2559, 2560, 2557, 2561, 2560, 2559, 2561, 2562,
        2560, 2563, 2562, 2561, 2563, 2564, 2562, 2565, 2564, 2563, 2565, 2566, 2564, 2565, 2567, 2566, 2565, 2568, 2567, 2680,
        2681, 2682, 2683, 2682, 2681, 2680, 2684, 2681, 2685, 2684, 2680, 2683, 2681, 2686, 2687, 2683, 2686, 2687, 2686, 2688,
        2689, 2687, 2688, 2689, 2688, 2690, 2691, 2689, 2690, 2686, 2681, 2692, 2686, 2692, 2693, 2686, 2693, 2694, 2686, 2694,
        2688, 2688, 2694, 2695, 2688, 2695, 2690, 2681, 2696, 2692, 2681, 2684, 2696, 2690, 2695, 2697, 2691, 2690, 2698, 2690,
        2697, 2698, 2691, 2698, 2699, 2699, 2698, 2697, 2691, 2699, 2700, 2699, 2697, 2701, 2700, 2699, 2702, 2702, 2699, 2701,
        2700, 2702, 2703, 2702, 2701, 2704, 2703, 2702, 2705, 2705, 2702, 2704, 2705, 2704, 2706, 2703, 2705, 2707, 2705, 2706,
        2708, 2707, 2705, 2709, 2705, 2708, 2709, 2707, 2709, 2710, 2709, 2708, 2711, 2710, 2709, 2712, 2709, 2711, 2712, 2710,
        2712, 2713, 2712, 2711, 2714, 2715, 2713, 2712, 2712, 2714, 2716, 2715, 2712, 2716, 2716, 2714, 2717, 2718, 2715, 2716,
        2716, 2717, 2719, 2718, 2716, 2719, 2720, 2719, 2717, 2718, 2719, 2720, 2720, 2717, 2721, 2718, 2720, 2722, 2723, 2720,
        2721, 2722, 2720, 2723, 2722, 2723, 2724, 2685, 2724, 2723, 2723, 2721, 2725, 2685, 2723, 2726, 2726, 2723, 2725, 2685,
        2726, 2684, 2684, 2726, 2727, 2726, 2725, 2727, 2684, 2727, 2696, 2727, 2725, 2728, 2727, 2728, 2729, 2696, 2727, 2729,
        2696, 2729, 2730, 2725, 2731, 2728, 2725, 2732, 2731, 2733, 2731, 2732, 2733, 2734, 2731, 2735, 2734, 2733, 2735, 2736,
        2734, 2737, 2736, 2735, 2737, 2738, 2736, 2739, 2696, 2730, 2739, 2730, 2740, 2739, 2740, 2741, 2739, 2741, 2742, 2742,
        2741, 2743, 2742, 2743, 2744, 2744, 2743, 2745, 2744, 2745, 2746, 2747, 2738, 2737, 2747, 2748, 2738, 2747, 2749, 2748,
        2747, 2750, 2749, 2750, 2751, 2749, 2750, 2752, 2751, 2752, 2753, 2751, 2752, 2754, 2753, 2746, 2745, 2755, 2754, 2755,
        2753, 2746, 2755, 2756, 2754, 2756, 2755, 2757, 2758, 2759, 2760, 2759, 2758, 2760, 2758, 2761, 2762, 2760, 2761, 2757,
        2763, 2758, 2757, 2764, 2763, 2757, 2765, 2764, 2758, 2763, 2766, 2764, 2766, 2763, 2765, 2767, 2764, 2765, 2768, 2767,
        2761, 2758, 2769, 2758, 2766, 2769, 2764, 2770, 2766, 2767, 2770, 2764, 2768, 2771, 2767, 2768, 2772, 2771, 2769, 2766,
        2773, 2770, 2773, 2766, 2769, 2773, 2774, 2770, 2775, 2773, 2769, 2774, 2776, 2767, 2777, 2770, 2777, 2775, 2770, 2771,
        2777, 2767, 2777, 2778, 2775, 2769, 2776, 2779, 2761, 2769, 2779, 2779, 2776, 2780, 2781, 2778, 2777, 2771, 2781, 2777,
        2781, 2782, 2778, 2783, 2761, 2779, 2762, 2761, 2783, 2779, 2780, 2784, 2783, 2779, 2784, 2784, 2780, 2785, 2786, 2781,
        2771, 2772, 2786, 2771, 2772, 2787, 2786, 2788, 2782, 2781, 2786, 2788, 2781, 2788, 2789, 2782, 2788, 2790, 2789, 2788,
        2791, 2790, 2786, 2791, 2788, 2791, 2792, 2790, 2787, 2793, 2786, 2786, 2793, 2791, 2787, 2794, 2793, 2791, 2795, 2792,
        2793, 2795, 2791, 2795, 2796, 2792, 2794, 2797, 2793, 2793, 2797, 2795, 2794, 2798, 2797, 2799, 2797, 2798, 2795, 2800,
        2796, 2797, 2800, 2795, 2800, 2801, 2796, 2799, 2802, 2797, 2797, 2802, 2800, 2803, 2802, 2799, 2800, 2804, 2801, 2802,
        2804, 2800, 2804, 2805, 2801, 2803, 2806, 2802, 2802, 2806, 2804, 2807, 2806, 2803, 2804, 2808, 2805, 2806, 2808, 2804,
        2809, 2805, 2808, 2809, 2810, 2805, 2809, 2811, 2810, 2807, 2812, 2806, 2806, 2812, 2808, 2812, 2809, 2808, 2813, 2812,
        2807, 2813, 2814, 2812, 2812, 2814, 2809, 2815, 2814, 2813, 2815, 2816, 2814, 2816, 2809, 2814, 2817, 2816, 2815, 2809,
        2818, 2811, 2816, 2818, 2809, 2818, 2785, 2811, 2817, 2819, 2816, 2819, 2818, 2816, 2762, 2819, 2817, 2762, 2783, 2819,
        2818, 2820, 2785, 2819, 2820, 2818, 2783, 2820, 2819, 2784, 2785, 2820, 2783, 2784, 2820, 2821, 2822, 2823, 2821, 2823,
        2824, 2824, 2823, 2825, 2826, 2821, 2824, 2826, 2827, 2821, 2824, 2825, 2828, 2828, 2825, 2829, 2830, 2826, 2824, 2830,
        2824, 2828, 2831, 2827, 2826, 2831, 2826, 2830, 2831, 2832, 2827, 2828, 2829, 2833, 2830, 2828, 2833, 2834, 2832, 2831,
        2834, 2835, 2832, 2836, 2833, 2829, 2836, 2829, 2837, 2830, 2833, 2838, 2838, 2833, 2836, 2831, 2830, 2839, 2834, 2831,
        2839, 2839, 2830, 2838, 2840, 2836, 2837, 2840, 2837, 2841, 2838, 2836, 2842, 2842, 2836, 2840, 2839, 2838, 2843, 2843,
        2838, 2842, 2841, 2844, 2840, 2841, 2845, 2844, 2846, 2840, 2844, 2842, 2840, 2846, 2846, 2844, 2847, 2848, 2842, 2846,
        2843, 2842, 2848, 2849, 2846, 2847, 2848, 2846, 2849, 2849, 2847, 2850, 2851, 2839, 2843, 2834, 2839, 2851, 2852, 2849,
        2850, 2852, 2850, 2853, 2852, 2853, 2854, 2855, 2849, 2852, 2855, 2848, 2849, 2852, 2854, 2856, 2856, 2855, 2852, 2856,
        2854, 2857, 2856, 2857, 2858, 2848, 2859, 2843, 2851, 2843, 2859, 2848, 2860, 2859, 2855, 2860, 2848, 2859, 2861, 2851,
        2861, 2865, 2851, 2865, 2834, 2851, 2866, 2865, 2861, 2868, 2871, 2870, 2870, 2871, 2872, 2870, 2872, 2877, 2866, 2878,
        2865, 2872, 2879, 2877, 2872, 2880, 2879, 2878, 2877, 2881, 2881, 2877, 2879, 2865, 2878, 2881, 2881, 2879, 2882, 2881,
        2882, 2883, 2865, 2881, 2884, 2881, 2883, 2884, 2865, 2884, 2834, 2884, 2883, 2835, 2884, 2835, 2834, 2993, 2994, 2995,
        2993, 2996, 2994, 2996, 2997, 2994, 2993, 2998, 2996, 2993, 2999, 2998, 2996, 3000, 2997, 3000, 3001, 2997, 3002, 2998,
        2999, 3002, 2999, 3003, 2996, 2998, 3004, 2996, 3004, 3000, 3002, 3004, 2998, 3000, 3005, 3001, 3004, 3005, 3000, 3006,
        3002, 3003, 3006, 3003, 3007, 3008, 3001, 3005, 3008, 3009, 3001, 3004, 3010, 3005, 3010, 3008, 3005, 3002, 3011, 3004,
        3006, 3011, 3002, 3011, 3010, 3004, 3012, 3009, 3008, 3012, 3013, 3009, 3010, 3014, 3008, 3014, 3012, 3008, 3011, 3015,
        3010, 3015, 3014, 3010, 3013, 3012, 3016, 3013, 3016, 3017, 3016, 3012, 3018, 3014, 3018, 3012, 3016, 3018, 3019, 3020,
        3018, 3014, 3015, 3020, 3014, 3021, 3019, 3018, 3020, 3021, 3018, 3021, 3022, 3019, 3023, 3015, 3011, 3006, 3023, 3011,
        3024, 3022, 3021, 3024, 3025, 3022, 3024, 3026, 3025, 3027, 3024, 3021, 3027, 3021, 3020, 3024, 3028, 3026, 3028, 3024,
        3027, 3028, 3029, 3026, 3028, 3030, 3029, 3031, 3020, 3015, 3023, 3031, 3015, 3031, 3032, 3020, 3027, 3020, 3032, 3031,
        3023, 3033, 3033, 3023, 3037, 3037, 3023, 3006, 3038, 3033, 3037, 3040, 3042, 3043, 3042, 3044, 3043, 3042, 3049, 3044,
        3038, 3037, 3050, 3044, 3049, 3051, 3044, 3051, 3052, 3050, 3053, 3049, 3053, 3051, 3049, 3037, 3053, 3050, 3053, 3054,
        3051, 3053, 3055, 3054, 3037, 3056, 3053, 3053, 3056, 3055, 3037, 3006, 3056, 3056, 3007, 3055, 3056, 3006, 3007, 3057,
        3058, 3059, 3057, 3060, 3058, 3057, 3061, 3060, 3058, 3060, 3062, 3063, 3060, 3061, 3064, 3063, 3061, 3064, 3065, 3063,
        3063, 3065, 3066, 3066, 3065, 3067, 3066, 3067, 3068, 3060, 3063, 3069, 3063, 3066, 3069, 3070, 3062, 3060, 3060, 3069,
        3070, 3066, 3068, 3071, 3072, 3071, 3068, 3072, 3073, 3071, 3071, 3073, 3074, 3074, 3073, 3075, 3066, 3071, 3076, 3076,
        3071, 3074, 3069, 3066, 3077, 3076, 3077, 3066, 3074, 3075, 3078, 3075, 3079, 3078, 3078, 3080, 3074, 3076, 3074, 3081,
        3080, 3081, 3074, 3070, 3069, 3082, 3069, 3077, 3082, 3076, 3083, 3077, 3081, 3083, 3076, 3080, 3084, 3081, 3080, 3085,
        3084, 3084, 3086, 3081, 3081, 3086, 3083, 3084, 3085, 3087, 3084, 3087, 3086, 3086, 3087, 3088, 3085, 3089, 3087, 3091,
        3077, 3083, 3091, 3082, 3077, 3083, 3086, 3092, 3086, 3088, 3092, 3092, 3091, 3083, 3092, 3093, 3091, 3088, 3093, 3092,
        3098, 3082, 3091, 3098, 3091, 3099, 3100, 3098, 3099, 3082, 3098, 3102, 3102, 3098, 3100, 3070, 3082, 3102, 3103, 3070,
        3102, 3070, 3103, 3062, 3062, 3103, 3104, 3103, 3102, 3105, 3103, 3105, 3104, 3102, 3100, 3105, 3104, 3105, 3106,
    };